
0000  0
01875  40
03750  40
05625  0
07500  40
09375  40
11250  0
13125  40
15000  40
16875  40
18750  0
20625  40
22500  0
24375  40
26250  40
28125  0
30000  40
31875  40
33750  40
35625  40
37500  40
39375  40
41250  40
43125  40
45000  0
46875  40
48750  40
50625  0
52500  40
54375  40
56250  40
58125  40
60000  40
61875  40
63750  40
65625  40
67500  40
69375  40
71250  40
73125  40
75000  40
76875  40
78750  40
80625  40
82500  40
84375  40
86250  40
88125  40
90000  0
91875  40
93750  40
95625  40
97500  40
99375  40
101250  40
103125  40
105000  0
106875  40
108750  0
110625  40
11500  0
114375  40
116250  40
118125  0
120000  40